0    -22.4911 -10.6016 -6.0243 -6.0243 0.3077 1.0667 1.2715 1.6135 1.8256 2.5190 2.8258 3.8307 4.2074 5.3618 5.3618
.0198957281847134    -22.4841 -10.5931 -6.0534 -6.0398 0.3172 1.0764 1.2814 1.6233 1.8354 2.5287 2.8355 3.8405 4.2170 5.3663 5.3927
.0398281138924002    -22.4630 -10.5678 -6.1400 -6.0859 0.3459 1.1056 1.3109 1.6527 1.8648 2.5580 2.8648 3.8696 4.2459 5.3789 5.4847
.0597238420771136    -22.4278 -10.5257 -6.2817 -6.1607 0.3938 1.1542 1.3601 1.7017 1.9138 2.6069 2.9135 3.9183 4.2941 5.3972 5.6031
.0796562277848004    -22.3786 -10.4668 -6.4749 -6.2617 0.4607 1.2222 1.4290 1.7702 1.9824 2.6752 2.9818 3.9864 4.3615 5.4176 5.6708
.0995519559695138    -22.3153 -10.3911 -6.7149 -6.3856 0.5469 1.3097 1.5175 1.8583 2.0706 2.7631 3.0696 4.0739 4.4482 5.4361 5.7577
.1193976104056869    -22.2381 -10.2988 -6.9968 -6.5287 0.6521 1.4166 1.6257 1.9660 2.1785 2.8705 3.1768 4.1808 4.5540 5.4492 5.8639
.1393798525221261    -22.1469 -10.1899 -7.3153 -6.6872 0.7765 1.5429 1.7536 2.0933 2.3059 2.9974 3.3036 4.3071 4.6786 5.4541 5.9893
.1592255069582992    -22.0418 -10.0647 -7.6650 -6.8574 0.9201 1.6885 1.9012 2.2401 2.4530 3.1437 3.4498 4.4527 4.8215 5.4494 6.1334
.1792077490747384    -21.9228 -9.9232 -8.0412 -7.0359 1.0827 1.8534 2.0685 2.4065 2.6196 3.3095 3.6155 4.6176 4.9808 5.4363 6.2945
.1990534035109115    -21.7900 -9.7657 -8.4392 -7.2194 1.2644 2.0375 2.2554 2.5923 2.8058 3.4946 3.8006 4.8013 5.1489 5.4228 6.2976
.2190356456273507    -21.6435 -9.5924 -8.8549 -7.4052 1.4652 2.2407 2.4621 2.7976 3.0116 3.6989 4.0049 5.0029 5.2725 5.4635 5.9034
.2389313738120641    -21.4833 -9.4036 -9.2846 -7.5907 1.6849 2.4627 2.6883 3.0222 3.2370 3.9220 4.2283 5.2112 5.2731 5.4946 5.6385
.2587770282482372    -21.3096 -9.7249 -9.1996 -7.7737 1.9236 2.7031 2.9343 3.2658 3.4819 4.1621 4.4701 5.0229 5.2314 5.4877 5.8699
.2787592703646764    -21.1224 -10.1731 -8.9809 -7.9524 2.1812 2.9604 3.1999 3.5273 3.7463 4.3921 4.6116 4.7276 5.1817 5.7422 6.1277
.2986049248008495    -20.9218 -10.6266 -8.7480 -8.1251 2.4576 3.2282 3.4852 3.7952 4.0299 4.1176 4.7293 4.9761 5.1557 6.0215 6.4071
.3185871669172887    -20.7081 -11.0830 -8.5015 -8.2905 2.7525 3.4160 3.7217 3.7902 4.1359 4.3324 5.0233 5.0247 5.3491 6.3210 6.7068
.3384328213534618    -20.4814 -11.5404 -8.4473 -8.2422 3.0659 3.0788 3.9064 4.1147 4.4499 4.6509 4.9765 5.3442 5.6596 6.6399 7.0263
.3583285495381752    -20.2418 -11.9970 -8.5946 -7.9712 2.6121 3.3971 4.2302 4.4586 4.7900 4.8847 5.0281 5.6841 5.9976 6.9779 7.3655
.3782609352458620    -19.9896 -12.4512 -8.7314 -7.6897 2.1358 3.7452 4.5825 4.8115 4.8590 5.1507 5.3716 6.0435 6.3569 7.3349 7.7240
.3981566634305754    -19.7252 -12.9015 -8.8571 -7.3995 1.6615 4.1066 4.8003 4.9562 5.2084 5.5313 5.7512 6.4223 6.7362 7.7105 8.1018
.4180890491382622    -19.4489 -13.3466 -8.9710 -7.1030 1.1951 4.4589 4.7850 5.3495 5.6112 5.9315 6.1519 6.8203 7.1352 8.1045 8.4988
.4379847773229756    -19.1612 -13.7849 -9.0726 -6.8032 0.7417 4.6229 4.9801 5.7616 6.0340 6.3511 6.5726 7.2372 7.5536 8.5166 8.9148
.4579670194394148    -18.8630 -14.2150 -9.1614 -6.5046 0.3073 4.6110 5.3740 6.1922 6.4767 6.7901 7.0129 7.6729 7.9914 8.9462 9.3496
.4778126738755879    -18.5555 -14.6351 -9.2371 -6.2136 -0.1004 4.5820 5.8085 6.6407 6.9390 7.2483 7.4728 8.1271 8.4483 9.3922 9.8030
.4977084020603013    -18.2411 -15.0423 -9.2995 -5.9393 -0.4716 4.5546 6.2649 7.1065 7.4209 7.7255 7.9521 8.5994 8.9241 9.8517 10.2712
.5176407877679881    -17.9243 -15.4316 -9.3482 -5.6944 -0.7925 4.5320 6.7398 7.5888 7.9225 8.2217 8.4507 9.0886 9.4180 9.9082 10.3053
.5375365159527015    -17.6165 -15.7914 -9.3831 -5.4962 -1.0454 4.5154 7.2313 8.0862 8.4438 8.7362 8.9679 9.3527 9.5891 9.9344 10.2182
.5574689016603883    -17.3513 -16.0878 -9.4041 -5.3650 -1.2096 4.5053 7.7370 8.5949 8.8067 8.9852 9.2651 9.5069 9.6707 10.1253 10.1347
.5773646298451017    -17.2292 -16.2205 -9.4111 -5.3188 -1.2669 4.5019 8.1890 8.3423 9.0310 9.2220 9.5446 9.5459 9.8006 9.8544 10.0567
.5773646298451017    -17.2292 -16.2205 -9.4111 -5.3188 -1.2669 4.5019 8.1890 8.3423 9.0310 9.2220 9.5446 9.5459 9.8006 9.8544 10.0567
.5887882895038975    -17.2272 -16.2184 -9.4217 -5.3159 -1.2675 4.5161 8.1917 8.3453 9.0313 9.2253 9.5479 9.5492 9.8033 9.8577 10.0599
.6003485663171922    -17.2212 -16.2124 -9.4532 -5.3073 -1.2695 4.5587 8.2000 8.3541 9.0324 9.2350 9.5577 9.5590 9.8115 9.8675 10.0695
.6117722259759880    -17.2111 -16.2024 -9.5052 -5.2930 -1.2729 4.6290 8.2138 8.3688 9.0337 9.2512 9.5741 9.5754 9.8251 9.8838 10.0855
.6233325027892827    -17.1971 -16.1884 -9.5771 -5.2730 -1.2778 4.7265 8.2330 8.3894 9.0347 9.2739 9.5970 9.5983 9.8441 9.9067 10.1079
.6347561624480785    -17.1791 -16.1705 -9.6678 -5.2472 -1.2844 4.8500 8.2576 8.4158 9.0345 9.3031 9.6264 9.6278 9.8686 9.9362 10.1367
.6463164392613732    -17.1571 -16.1487 -9.7763 -5.2158 -1.2930 4.9984 8.2877 8.4480 9.0320 9.3388 9.6624 9.6638 9.8984 9.9722 10.1719
.6578268693141557    -17.1310 -16.1230 -9.9013 -5.1786 -1.3037 5.1701 8.3231 8.4860 9.0255 9.3810 9.7049 9.7064 9.9336 10.0147 10.2134
.6693007527020937    -17.1010 -16.0936 -10.0414 -5.1357 -1.3169 5.3638 8.3638 8.5298 9.0134 9.4296 9.7540 9.7555 9.9741 10.0638 10.2613
.6808111827548762    -17.0669 -16.0604 -10.1952 -5.0871 -1.3331 5.5777 8.4096 8.5792 8.9937 9.4847 9.8095 9.8111 10.0202 10.1194 10.3155
.6922850661428142    -17.0289 -16.0237 -10.3612 -5.0329 -1.3525 5.8101 8.4606 8.6343 8.9646 9.5464 9.8717 9.8734 10.0718 10.1815 10.3760
.7037954961955967    -16.9869 -15.9834 -10.5380 -4.9730 -1.3756 6.0593 8.5165 8.6950 8.9243 9.6144 9.9403 9.9421 10.1292 10.2502 10.4428
.7152693795835347    -16.9408 -15.9399 -10.7242 -4.9074 -1.4029 6.3234 8.5773 8.7613 8.8717 9.6890 10.0155 10.0174 10.1925 10.3255 10.5159
.7267798096363172    -16.8908 -15.8933 -10.9182 -4.8362 -1.4350 6.6006 8.6427 8.8066 8.8329 9.7700 10.0972 10.0992 10.2620 10.4073 10.5952
.7382536930242552    -16.8368 -15.8437 -11.1188 -4.7594 -1.4723 6.8889 8.7126 8.7296 8.9100 9.8575 10.1854 10.1876 10.3378 10.4956 10.6806
.7497641230770377    -16.7788 -15.7916 -11.3245 -4.6770 -1.5154 7.1863 8.6424 8.7868 8.9924 9.9515 10.2802 10.2825 10.4204 10.5904 10.7720
.7612380064649757    -16.7169 -15.7374 -11.5339 -4.5889 -1.5649 7.4904 8.5475 8.8649 9.0801 10.0519 10.3814 10.3839 10.5097 10.6918 10.8695
.7727484365177582    -16.6509 -15.6815 -11.7456 -4.4954 -1.6213 7.7989 8.4475 8.9466 9.1732 10.1588 10.4891 10.4919 10.6060 10.7998 10.9728
.7842588665705407    -16.5810 -15.6246 -11.9582 -4.3962 -1.6851 8.1086 8.3456 9.0316 9.2718 10.2721 10.6033 10.6064 10.7093 10.9142 11.0818
.7957327499584787    -16.5071 -15.5676 -12.1699 -4.2916 -1.7568 8.2445 8.4157 9.1193 9.3767 10.3919 10.7239 10.7274 10.8197 11.0352 11.1963
.8072431800112612    -16.4293 -15.5117 -12.3789 -4.1815 -1.8367 8.1470 8.7149 9.2091 9.4890 10.5181 10.8510 10.8549 10.9369 11.1628 11.3159
.8187170633991992    -16.3475 -15.4586 -12.5830 -4.0659 -1.9252 8.0554 8.9988 9.3005 9.6117 10.6508 10.9844 10.9889 11.0609 11.2968 11.4404
.8302274934519817    -16.2618 -15.4104 -12.7794 -3.9449 -2.0225 7.9716 9.2560 9.3926 9.7500 10.7898 11.1242 11.1295 11.1915 11.4374 11.5692
.8417013768399197    -16.1721 -15.3702 -12.9645 -3.8184 -2.1288 7.8972 9.4732 9.4844 9.9096 10.9353 11.2702 11.2765 11.3283 11.5846 11.7014
.8532118068927022    -16.0785 -15.3419 -13.1340 -3.6866 -2.2441 7.8333 9.5748 9.6444 10.0864 11.0873 11.4223 11.4299 11.4707 11.7382 11.8361
.8646856902806402    -15.9810 -15.3307 -13.2824 -3.5495 -2.3682 7.7809 9.6626 9.7765 10.2603 11.2456 11.5803 11.5896 11.6175 11.8984 11.9719
.8761961203334227    -15.8796 -15.3421 -13.4037 -3.4071 -2.5012 7.7403 9.7463 9.8779 10.4071 11.4103 11.7439 11.7554 11.7661 12.0651 12.1070
.8876700037213607    -15.7743 -15.3813 -13.4925 -3.2595 -2.6425 7.7118 9.8244 9.9490 10.5086 11.5814 11.9084 11.9125 11.9270 12.2384 12.2399
.8991804337741432    -15.6651 -15.4514 -13.5453 -3.1067 -2.7918 7.6951 9.8953 9.9810 10.5595 11.7589 12.0101 12.0847 12.1032 12.3699 12.3857
.9107407105874379    -15.5521 -15.5520 -13.5623 -2.9488 -2.9487 7.6897 9.9574 9.9574 10.5715 11.9426 11.9427 12.2579 12.2581 12.2931 12.3817
.9107407105874379    -15.5521 -15.5520 -13.5623 -2.9488 -2.9487 7.6897 9.9574 9.9574 10.5715 11.9426 11.9427 12.2579 12.2581 12.2931 12.3817
.9338112545775565    -15.8294 -15.3144 -13.5038 -3.2830 -2.6176 7.7089 9.7024 10.0499 10.5561 11.3826 11.5470 11.8916 11.9794 12.3292 12.5858
.9567951619912231    -16.1735 -15.0614 -13.3554 -3.6406 -2.2665 7.7567 9.2430 10.0952 10.5047 10.7415 10.8332 11.2183 11.3196 12.0870 12.1851
.9797291978331764    -16.5510 -14.7933 -13.1493 -4.0161 -1.8961 7.8094 8.6969 10.0932 10.1168 10.1325 10.3792 10.5728 10.6662 11.4501 11.5702
1.0027131052468430    -16.9421 -14.5103 -12.9049 -4.4045 -1.5070 7.8228 8.1230 9.4676 9.5261 9.9543 9.9836 10.0501 10.2389 10.8441 10.9426
1.0256970126605096    -17.3357 -14.2126 -12.6329 -4.8008 -1.0998 7.5467 7.7265 8.8261 8.9658 9.3362 9.4866 9.9576 9.9747 10.3043 10.3371
1.0486809200741762    -17.7253 -13.9004 -12.3396 -5.2005 -0.6754 6.9798 7.4659 8.2102 8.4144 8.7294 9.0697 9.5924 9.8060 9.8753 9.8861
1.0716648274878428    -18.1069 -13.5742 -12.0293 -5.5998 -0.2347 6.4284 7.0723 7.6203 7.8652 8.1453 8.6322 9.0834 9.4179 9.5877 9.7589
1.0946487349015094    -18.4778 -13.2342 -11.7049 -5.9952 0.2213 5.8958 6.6160 7.0565 7.3265 7.5858 8.1505 8.5435 9.0723 9.2633 9.6306
1.1176326423151760    -18.8364 -12.8810 -11.3688 -6.3837 0.6912 5.3843 6.1420 6.5188 6.8052 7.0515 7.6576 8.0184 8.7319 8.8564 9.4101
1.1406165497288426    -19.1812 -12.5151 -11.0232 -6.7629 1.1737 4.8951 5.6716 6.0073 6.3052 6.5428 7.1733 7.5156 8.3954 8.4138 8.9144
1.1636004571425092    -19.5114 -12.1372 -10.6701 -7.1306 1.6673 4.4291 5.2149 5.5220 5.8284 6.0599 6.7062 7.0370 7.9690 8.0636 8.4479
1.1866710011326278    -19.8260 -11.7481 -10.3116 -7.4849 2.1699 3.9869 4.7766 5.0629 5.3759 5.6028 6.2601 6.5833 7.5363 7.7344 8.0160
1.2096549085462944    -20.1247 -11.3487 -9.9497 -7.8245 2.6794 3.5689 4.3596 4.6300 4.9482 5.1718 5.8370 6.1550 7.1219 7.3998 7.6292
1.2326388159599610    -20.4068 -10.9402 -9.5868 -8.1479 3.1755 3.1934 3.9654 4.2233 4.5457 4.7667 5.4380 5.7523 6.7291 7.0532 7.2964
1.2556227233736276    -20.6720 -10.5241 -9.2252 -8.4542 2.8069 3.5949 3.7090 3.8429 4.1687 4.3877 5.0637 5.3754 6.3592 6.7046 7.0088
1.2786066307872942    -20.9199 -10.1022 -8.8676 -8.7423 2.4633 3.2488 3.4887 3.8174 4.0348 4.2229 4.7145 5.0243 6.0134 6.3687 6.7533
1.3015905382009608    -21.1503 -9.6764 -9.0114 -8.5169 2.1449 2.9276 3.1607 3.4919 3.7080 4.3906 4.6991 4.7314 5.6923 6.0528 6.5234
1.3245744456146274    -21.3629 -9.2610 -9.2494 -8.1760 1.8517 2.6314 2.8589 3.1922 3.4074 4.0923 4.3999 5.2303 5.3961 5.7600 6.3168
1.3475583530282940    -21.5576 -9.4905 -8.8245 -7.8482 1.5838 2.3606 2.5834 2.9185 3.1328 3.8197 4.1266 5.1252 5.4914 5.7148 6.1327
1.3705422604419606    -21.7342 -9.6993 -8.4055 -7.5369 1.3414 2.1152 2.3342 2.6707 2.8844 3.5729 3.8794 4.8798 5.2479 5.9704 6.1798
1.3934762962839139    -21.8925 -9.8871 -7.9972 -7.2455 1.1244 1.8955 2.1111 2.4489 2.6622 3.3519 3.6582 4.6600 5.0297 5.8297 6.3397
1.4164602036975805    -22.0324 -10.0535 -7.6055 -6.9777 0.9330 1.7015 1.9144 2.2532 2.4661 3.1568 3.4631 4.4658 4.8371 5.7098 6.1470
1.4394441111112471    -22.1539 -10.1983 -7.2373 -6.7370 0.7670 1.5332 1.7438 2.0835 2.2961 2.9876 3.2939 4.2975 4.6700 5.6099 5.9799
1.4625146551013657    -22.2568 -10.3211 -6.9008 -6.5266 0.6266 1.3907 1.5995 1.9399 2.1523 2.8445 3.1509 4.1549 4.5287 5.5290 5.8383
1.4854985625150323    -22.3411 -10.4219 -6.6053 -6.3497 0.5118 1.2741 1.4814 1.8224 2.0347 2.7273 3.0338 4.0382 4.4130 5.4658 5.7223
1.5084824699286989    -22.4067 -10.5004 -6.3608 -6.2091 0.4225 1.1834 1.3896 1.7310 1.9432 2.6362 2.9428 3.9475 4.3230 5.4188 5.6321
1.5314663773423655    -22.4536 -10.5566 -6.1772 -6.1070 0.3587 1.1185 1.3240 1.6658 1.8778 2.5711 2.8778 3.8826 4.2588 5.3866 5.5228
1.5544502847560321    -22.4817 -10.5903 -6.0630 -6.0450 0.3204 1.0796 1.2847 1.6266 1.8386 2.5320 2.8388 3.8437 4.2202 5.3679 5.4028
1.5774341921696987    -22.4911 -10.6016 -6.0243 -6.0243 0.3077 1.0667 1.2715 1.6135 1.8256 2.5190 2.8258 3.8307 4.2074 5.3618 5.3618
