0    0.6890 3.9860 3.9860 3.9860 4.0085 4.0085 5.0412 5.0412 5.0412 5.6652 5.6652 16.3929 16.3929 16.3929 17.3402
.0500000000000000    0.7018 3.9558 3.9866 3.9866 4.0113 4.0392 5.0330 5.0435 5.0435 5.6629 5.6676 16.1646 16.1646 16.3137 17.2679
.1000000000000000    0.7402 3.9175 3.9883 3.9883 4.0197 4.0793 5.0088 5.0503 5.0503 5.6561 5.6745 15.7388 15.7388 16.0970 17.0824
.1500000000000000    0.8041 3.8797 3.9910 3.9910 4.0336 4.1201 4.9702 5.0617 5.0617 5.6447 5.6847 15.2810 15.2810 15.7837 16.8388
.2000000000000000    0.8933 3.8430 3.9946 3.9946 4.0529 4.1611 4.9193 5.0780 5.0780 5.6288 5.6969 14.8248 14.8248 15.4070 16.5762
.2500000000000000    1.0075 3.8079 3.9987 3.9987 4.0775 4.2020 4.8581 5.0992 5.0992 5.6086 5.7100 14.3799 14.3799 14.9850 16.3152
.3000000000000000    1.1462 3.7745 4.0032 4.0032 4.1072 4.2425 4.7887 5.1254 5.1254 5.5839 5.7233 13.9501 13.9501 14.5257 16.0663
.3500000000000000    1.3089 3.7434 4.0077 4.0077 4.1418 4.2824 4.7128 5.1568 5.1568 5.5551 5.7365 13.5380 13.5380 14.0323 15.8349
.4000000000000000    1.4949 3.7149 4.0120 4.0120 4.1809 4.3212 4.6321 5.1932 5.1932 5.5221 5.7498 13.1450 13.1450 13.5070 15.6236
.4500000000000000    1.7030 3.6896 4.0159 4.0159 4.2244 4.3587 4.5481 5.2344 5.2344 5.4852 5.7639 12.7728 12.7728 12.9537 15.4334
.5000000000000000    1.9320 3.6678 4.0192 4.0192 4.2718 4.3942 4.4623 5.2800 5.2800 5.4444 5.7799 12.3786 12.4227 12.4227 15.2648
.5500000000000000    2.1798 3.6502 4.0219 4.0219 4.3229 4.3760 4.4272 5.3291 5.3291 5.4000 5.7997 11.7894 12.0962 12.0962 15.1175
.6000000000000000    2.4439 3.6371 4.0240 4.0240 4.2905 4.3772 4.4568 5.3522 5.3808 5.3808 5.8256 11.1942 11.7952 11.7952 14.9911
.6500000000000000    2.7205 3.6293 4.0254 4.0254 4.2070 4.4344 4.4820 5.3013 5.4336 5.4336 5.8613 10.6007 11.5213 11.5213 14.8852
.7000000000000000    3.0041 3.6270 4.0264 4.0264 4.1267 4.4941 4.5013 5.2474 5.4860 5.4860 5.9121 10.0159 11.2767 11.2767 14.7990
.7500000000000000    3.2874 3.6308 4.0269 4.0269 4.0505 4.5131 4.5558 5.1908 5.5359 5.5359 5.9853 9.4462 11.0638 11.0638 14.7322
.8000000000000000    3.5598 3.6411 3.9796 4.0271 4.0271 4.5146 4.6190 5.1319 5.5810 5.5810 6.0906 8.8976 10.8849 10.8849 14.6842
.8500000000000000    3.6582 3.8058 3.9183 4.0272 4.0272 4.5026 4.6835 5.0710 5.6193 5.6193 6.2401 8.3763 10.7424 10.7424 14.6547
.9000000000000000    3.6824 3.8488 4.0271 4.0271 4.0314 4.4720 4.7487 5.0084 5.6485 5.6485 6.4457 7.8891 10.6387 10.6387 14.6437
.9500000000000000    3.7138 3.7978 4.0271 4.0271 4.2020 4.4168 4.8142 4.9445 5.6668 5.6668 6.7153 7.4440 10.5757 10.5757 14.6513
1.0000000000000000    3.7524 3.7524 4.0271 4.0271 4.3293 4.3293 4.8796 4.8796 5.6731 5.6731 7.0499 7.0499 10.5545 10.5545 14.6777
1.0395284707521047    3.7415 3.7622 4.0267 4.0272 4.3043 4.3565 4.8620 4.8946 5.6742 5.6742 6.9633 7.1462 10.5295 10.5301 14.7112
1.0790569415042094    3.7303 3.7703 4.0244 4.0280 4.2847 4.3836 4.8415 4.9070 5.6776 5.6776 6.8861 7.2521 10.4567 10.4615 14.8270
1.1185854122563141    3.7198 3.7758 4.0178 4.0298 4.2745 4.4091 4.8183 4.9172 5.6830 5.6831 6.8178 7.3669 10.3434 10.3592 15.0175
1.1581138830084188    3.7104 3.7783 4.0053 4.0328 4.2763 4.4320 4.7925 4.9251 5.6901 5.6901 6.7579 7.4890 10.1997 10.2360 15.2721
1.1976423537605235    3.7028 3.7774 3.9876 4.0365 4.2909 4.4516 4.7645 4.9311 5.6982 5.6984 6.7060 7.6154 10.0358 10.1057 15.5803
1.2371708245126282    3.6974 3.7729 3.9672 4.0410 4.3164 4.4673 4.7350 4.9351 5.7071 5.7075 6.6616 7.7410 9.8605 9.9816 15.9329
1.2766992952647329    3.6945 3.7646 3.9470 4.0458 4.3504 4.4782 4.7055 4.9373 5.7160 5.7169 6.6247 7.8581 9.6808 9.8779 16.3225
1.3162277660168376    3.6944 3.7529 3.9292 4.0506 4.3908 4.4827 4.6780 4.9375 5.7244 5.7264 6.5954 7.9559 9.5022 9.8098 16.7433
1.3557562367689423    3.6973 3.7385 3.9150 4.0553 4.4355 4.4786 4.6557 4.9357 5.7320 5.7357 6.5741 8.0224 9.3286 9.7918 17.1905
1.3952847075210470    3.7034 3.7227 3.9044 4.0593 4.4638 4.4828 4.6414 4.9317 5.7381 5.7445 6.5614 8.0488 9.1631 9.8344 17.5862
1.4348131782731517    3.7067 3.7127 3.8972 4.0623 4.4389 4.5310 4.6357 4.9256 5.7424 5.7529 6.5583 8.0349 9.0081 9.9380 17.9130
1.4743416490252564    3.6918 3.7252 3.8929 4.0637 4.4070 4.5785 4.6367 4.9172 5.7445 5.7605 6.5655 7.9885 8.8653 10.0939 18.0074
1.5138701197773611    3.6787 3.7410 3.8911 4.0627 4.3719 4.6237 4.6420 4.9066 5.7444 5.7675 6.5840 7.9207 8.7363 10.2889 17.7478
1.5533985905294658    3.6679 3.7598 3.8916 4.0583 4.3371 4.6500 4.6647 4.8941 5.7420 5.7736 6.6144 7.8416 8.6226 10.5093 17.2948
1.5929270612815705    3.6597 3.7816 3.8944 4.0493 4.3056 4.6597 4.6995 4.8805 5.7377 5.7789 6.6567 7.7585 8.5255 10.7417 16.7949
1.6324555320336752    3.6541 3.8056 3.8992 4.0347 4.2799 4.6705 4.7254 4.8675 5.7319 5.7831 6.7102 7.6766 8.4468 10.9713 16.3074
1.6719840027857799    3.6511 3.8311 3.9062 4.0145 4.2616 4.6822 4.7389 4.8581 5.7254 5.7863 6.7730 7.5992 8.3888 11.1797 15.8650
1.7115124735378846    3.6504 3.8560 3.9151 3.9912 4.2513 4.6943 4.7370 4.8551 5.7188 5.7883 6.8422 7.5285 8.3541 11.3420 15.4975
1.7510409442899893    3.6519 3.8748 3.9258 3.9708 4.2484 4.7068 4.7217 4.8567 5.7132 5.7889 6.9137 7.4661 8.3466 11.4271 15.2384
1.7905694150420940    3.6553 3.8757 3.9381 3.9660 4.2526 4.6976 4.7193 4.8588 5.7093 5.7882 6.9830 7.4129 8.3701 11.4058 15.1180
1.8436024236310850    3.6392 3.8970 3.9095 3.9469 4.2281 4.6819 4.7778 4.8555 5.7176 5.7855 6.7279 7.5778 8.3368 11.6607 15.2637
1.8966354322200760    3.6063 3.8578 3.9260 3.9448 4.2012 4.6448 4.8531 4.8535 5.7255 5.7686 6.4111 7.7832 8.4385 11.9415 15.4318
1.9496684408090670    3.5357 3.8349 3.9041 3.9805 4.1725 4.6089 4.8530 4.9194 5.7325 5.7380 6.0964 8.0292 8.6247 12.2454 15.6230
2.0027014493980580    3.4152 3.8341 3.8821 4.0156 4.1427 4.5741 4.8543 4.9704 5.6958 5.7383 5.8240 8.3147 8.8688 12.5698 15.8377
2.0557344579870490    3.2469 3.8491 3.8609 4.0489 4.1128 4.5405 4.8577 4.9963 5.6206 5.6443 5.7428 8.6382 9.1588 12.9115 16.0767
2.1087674665760400    3.0391 3.8414 3.8726 4.0752 4.0876 4.5078 4.8634 4.9866 5.5021 5.5862 5.7455 8.9979 9.4884 13.2671 16.3403
2.1618004751650310    2.8027 3.8246 3.8996 4.0531 4.1083 4.4755 4.8713 4.9467 5.4598 5.5240 5.7464 9.3921 9.8541 13.6328 16.6286
2.2148334837540220    2.5503 3.8112 3.9268 4.0267 4.1305 4.4432 4.8815 4.9009 5.4600 5.4624 5.7455 9.8193 10.2533 14.0036 16.9415
2.2678664923430130    2.2935 3.8018 3.9513 4.0024 4.1476 4.4105 4.8665 4.8939 5.3963 5.4842 5.7426 10.2781 10.6841 14.3736 17.2783
2.3208995009320040    2.0418 3.7969 3.9712 3.9811 4.1586 4.3770 4.8491 4.9082 5.3350 5.5124 5.7379 10.7670 11.1448 14.7352 17.6373
2.3739325095209950    1.8020 3.7969 3.9633 3.9857 4.1631 4.3425 4.8483 4.9241 5.2776 5.5415 5.7315 11.2845 11.6339 15.0790 18.0148
2.4269655181099860    1.5793 3.8018 3.9493 3.9946 4.1609 4.3068 4.8612 4.9411 5.2256 5.5687 5.7236 11.8292 12.1495 15.3944 18.3100
2.4799985266989770    1.3774 3.8116 3.9396 3.9988 4.1523 4.2700 4.8840 4.9589 5.1799 5.5929 5.7146 12.3993 12.6898 15.6708 18.0845
2.5330315352879680    1.1987 3.8263 3.9343 3.9994 4.1380 4.2320 4.9131 4.9766 5.1410 5.6136 5.7049 12.9926 13.2523 15.8999 17.8883
2.5860645438769590    1.0451 3.8455 3.9336 3.9976 4.1189 4.1932 4.9445 4.9937 5.1090 5.6305 5.6950 13.6061 13.8335 16.0783 17.7216
2.6390975524659500    0.9180 3.8689 3.9376 3.9946 4.0963 4.1538 4.9752 5.0092 5.0837 5.6437 5.6856 14.2353 14.4281 16.2084 17.5847
2.6921305610549410    0.8183 3.8962 3.9459 3.9913 4.0717 4.1141 5.0022 5.0225 5.0647 5.6535 5.6773 14.8726 15.0267 16.2972 17.4779
2.7451635696439320    0.7466 3.9267 3.9585 3.9885 4.0466 4.0748 5.0233 5.0326 5.0515 5.6601 5.6708 15.5022 15.6105 16.3531 17.4015
2.7981965782329230    0.7034 3.9596 3.9741 3.9866 4.0231 4.0367 5.0367 5.0390 5.0438 5.6639 5.6666 16.0795 16.1293 16.3834 17.3555
2.8512295868219140    0.6890 3.9860 3.9860 3.9860 4.0085 4.0085 5.0412 5.0412 5.0412 5.6652 5.6652 16.3929 16.3929 16.3929 17.3402
2.8945308570111359    0.6986 3.9709 3.9709 3.9861 4.0252 4.0252 5.0392 5.0408 5.0408 5.6652 5.6652 16.1162 16.3228 16.3228 17.4162
2.9378321272003578    0.7274 3.9503 3.9503 3.9867 4.0506 4.0506 5.0332 5.0397 5.0397 5.6654 5.6654 15.5716 16.1570 16.1570 17.5988
2.9811333973895797    0.7753 3.9312 3.9312 3.9877 4.0773 4.0773 5.0235 5.0381 5.0381 5.6657 5.6657 14.9551 15.9534 15.9534 17.8210
3.0244346675788016    0.8420 3.9146 3.9146 3.9892 4.1040 4.1040 5.0102 5.0365 5.0365 5.6658 5.6658 14.3165 15.7393 15.7393 17.8354
3.0677359377680235    0.9272 3.9008 3.9008 3.9913 4.1298 4.1298 4.9940 5.0355 5.0355 5.6657 5.6657 13.6740 15.5261 15.5261 17.8064
3.1110372079572454    1.0304 3.8900 3.8900 3.9943 4.1537 4.1537 4.9754 5.0358 5.0358 5.6652 5.6652 13.0362 15.3191 15.3191 17.7604
3.1543384781464673    1.1511 3.8822 3.8822 3.9982 4.1748 4.1748 4.9552 5.0381 5.0381 5.6640 5.6640 12.4083 15.1209 15.1209 17.7107
3.1976397483356892    1.2884 3.8776 3.8776 4.0031 4.1922 4.1922 4.9346 5.0431 5.0431 5.6621 5.6621 11.7932 14.9333 14.9333 17.6643
3.2409410185249111    1.4412 3.8761 3.8761 4.0091 4.2051 4.2051 4.9147 5.0515 5.0515 5.6592 5.6592 11.1933 14.7574 14.7574 17.6248
3.2842422887141330    1.6079 3.8777 3.8777 4.0161 4.2130 4.2130 4.8974 5.0635 5.0635 5.6551 5.6551 10.6103 14.5941 14.5941 17.5941
3.3275435589033549    1.7866 3.8823 3.8823 4.0237 4.2156 4.2156 4.8851 5.0793 5.0793 5.6498 5.6498 10.0460 14.4441 14.4441 17.5733
3.3708448290925768    1.9744 3.8898 3.8898 4.0316 4.2130 4.2130 4.8808 5.0985 5.0985 5.6432 5.6432 9.5019 14.3079 14.3079 17.5629
3.4141460992817987    2.1676 3.9000 3.9000 4.0389 4.2056 4.2056 4.8885 5.1204 5.1204 5.6354 5.6354 8.9797 14.1862 14.1862 17.5631
3.4574473694710206    2.3610 3.9126 3.9126 4.0447 4.1941 4.1941 4.9131 5.1440 5.1440 5.6266 5.6266 8.4817 14.0795 14.0795 17.5738
3.5007486396602425    2.5479 3.9271 3.9271 4.0478 4.1792 4.1792 4.9604 5.1681 5.1681 5.6170 5.6170 8.0108 13.9883 13.9883 17.5944
3.5440499098494644    2.7201 3.9431 3.9431 4.0477 4.1622 4.1622 5.0356 5.1912 5.1912 5.6071 5.6071 7.5713 13.9130 13.9130 17.6238
3.5873511800386863    2.8681 3.9596 3.9596 4.0445 4.1443 4.1443 5.1413 5.2118 5.2118 5.5978 5.5978 7.1707 13.8539 13.8539 17.6597
3.6306524502279082    2.9823 3.9752 3.9752 4.0396 4.1275 4.1275 5.2282 5.2282 5.2718 5.5899 5.5899 6.8233 13.8115 13.8115 17.6977
3.6739537204171301    3.0544 3.9872 3.9872 4.0352 4.1147 4.1147 5.2389 5.2389 5.4008 5.5846 5.5846 6.5619 13.7860 13.7860 17.7293
3.7172549906063520    3.0791 3.9919 3.9919 4.0334 4.1096 4.1096 5.2426 5.2426 5.4618 5.5827 5.5827 6.4564 13.7775 13.7775 17.7421
